params:	(1.5, -0.5, -75, -50, -50, -100, -10)	reward:	187.28654469348757
params:	(1.5, -0.5, -100, -50, -50, -100, -10)	reward:	181.57110653981906
params:	(1.5, -0.5, -77, -50, -50, -100, -10)	reward:	183.54443596032988
params:	(1.5, -0.5, -55, -50, -50, -100, -10)	reward:	184.13879725349094
params:	(1.5, -0.5, -33, -50, -50, -100, -10)	reward:	181.95351003878613
params:	(1.5, -0.5, -11, -50, -50, -100, -10)	reward:	184.6254886593604
params:	(1.5, -0.5, 11, -50, -50, -100, -10)	reward:	181.17050264245532
params:	(1.5, -0.5, 33, -50, -50, -100, -10)	reward:	179.23566443359232
params:	(1.5, -0.5, 55, -50, -50, -100, -10)	reward:	179.15130754068284
params:	(1.5, -0.5, 77, -50, -50, -100, -10)	reward:	180.95805932800866
params:	(1.5, -0.5, 100, -50, -50, -100, -10)	reward:	181.7674789760208
params:	(1.5, -0.5, -75, -100, -50, -100, -10)	reward:	49.06502089114647
params:	(1.5, -0.5, -75, -77, -50, -100, -10)	reward:	183.9766676854051
params:	(1.5, -0.5, -75, -55, -50, -100, -10)	reward:	190.5192483689212
params:	(1.5, -0.5, -75, -33, -50, -100, -10)	reward:	179.9477781577833
params:	(1.5, -0.5, -75, -11, -50, -100, -10)	reward:	156.44599447254816
params:	(1.5, -0.5, -75, 11, -50, -100, -10)	reward:	180.97938217231265
params:	(1.5, -0.5, -75, 33, -50, -100, -10)	reward:	139.31782519166802
params:	(1.5, -0.5, -75, 55, -50, -100, -10)	reward:	88.94521090998602
params:	(1.5, -0.5, -75, 77, -50, -100, -10)	reward:	46.401343509019284
params:	(1.5, -0.5, -75, 100, -50, -100, -10)	reward:	43.698516192089066
params:	(1.5, -0.5, -75, -55, -100, -100, -10)	reward:	183.81294846495516
params:	(1.5, -0.5, -75, -55, -77, -100, -10)	reward:	184.88730999006893
params:	(1.5, -0.5, -75, -55, -55, -100, -10)	reward:	185.19374710197863
params:	(1.5, -0.5, -75, -55, -33, -100, -10)	reward:	179.5921496890178
params:	(1.5, -0.5, -75, -55, -11, -100, -10)	reward:	-2.144342735261761
params:	(1.5, -0.5, -75, -55, 11, -100, -10)	reward:	53.16624508934354
params:	(1.5, -0.5, -75, -55, 33, -100, -10)	reward:	8.55515714093618
params:	(1.5, -0.5, -75, -55, 55, -100, -10)	reward:	0.27163289418097375
params:	(1.5, -0.5, -75, -55, 77, -100, -10)	reward:	12.069122300960762
params:	(1.5, -0.5, -75, -55, 100, -100, -10)	reward:	-3.394488619638158
params:	(1.5, -0.5, -75, -55, -50, -77, -10)	reward:	60.888006523924105
params:	(1.5, -0.5, -75, -55, -50, -55, -10)	reward:	-24.81181280298002
params:	(1.5, -0.5, -75, -55, -50, -33, -10)	reward:	-20.96862638125233
params:	(1.5, -0.5, -75, -55, -50, -11, -10)	reward:	-40.230025562957145
params:	(1.5, -0.5, -75, -55, -50, 11, -10)	reward:	-40.57863635896169
params:	(1.5, -0.5, -75, -55, -50, 33, -10)	reward:	-34.8433576706203
params:	(1.5, -0.5, -75, -55, -50, 55, -10)	reward:	-39.026858537351636
params:	(1.5, -0.5, -75, -55, -50, 77, -10)	reward:	-38.662933030310086
params:	(1.5, -0.5, -75, -55, -50, 100, -10)	reward:	-39.395578658599156
params:	(1.5, -0.5, -75, -55, -50, -100, -100)	reward:	-30.55885388889975
params:	(1.5, -0.5, -75, -55, -50, -100, -77)	reward:	-25.471676185427537
params:	(1.5, -0.5, -75, -55, -50, -100, -55)	reward:	-2.107642527193851
params:	(1.5, -0.5, -75, -55, -50, -100, -33)	reward:	123.09764953445647
params:	(1.5, -0.5, -75, -55, -50, -100, -11)	reward:	191.8748812963138
params:	(1.5, -0.5, -75, -55, -50, -100, 11)	reward:	178.2388771411289
params:	(1.5, -0.5, -75, -55, -50, -100, 33)	reward:	139.73556336969386
params:	(1.5, -0.5, -75, -55, -50, -100, 55)	reward:	31.529853868996764
params:	(1.5, -0.5, -75, -55, -50, -100, 77)	reward:	-14.61385813553766
params:	(1.5, -0.5, -75, -55, -50, -100, 100)	reward:	-18.92381077692494
params:	(0.0, -0.5, -75, -55, -50, -100, -11)	reward:	192.06324293556523
params:	(0.3333333333333333, -0.5, -75, -55, -50, -100, -11)	reward:	191.2374315736652
params:	(0.6666666666666666, -0.5, -75, -55, -50, -100, -11)	reward:	193.36930884771698
params:	(1.0, -0.5, -75, -55, -50, -100, -11)	reward:	191.64547286243138
params:	(1.3333333333333333, -0.5, -75, -55, -50, -100, -11)	reward:	190.30950042071808
params:	(1.6666666666666665, -0.5, -75, -55, -50, -100, -11)	reward:	190.5127990742416
params:	(2.0, -0.5, -75, -55, -50, -100, -11)	reward:	183.3759074385566
params:	(2.333333333333333, -0.5, -75, -55, -50, -100, -11)	reward:	188.37139434233904
params:	(2.6666666666666665, -0.5, -75, -55, -50, -100, -11)	reward:	186.40950894065335
params:	(3.0, -0.5, -75, -55, -50, -100, -11)	reward:	185.00209254989673
params:	(0.6666666666666666, -1.0, -75, -55, -50, -100, -11)	reward:	188.470558068003
params:	(0.6666666666666666, -0.8888888888888888, -75, -55, -50, -100, -11)	reward:	188.88183181584893
params:	(0.6666666666666666, -0.7777777777777778, -75, -55, -50, -100, -11)	reward:	192.88247019768468
params:	(0.6666666666666666, -0.6666666666666667, -75, -55, -50, -100, -11)	reward:	192.90137596706313
params:	(0.6666666666666666, -0.5555555555555556, -75, -55, -50, -100, -11)	reward:	184.697581474067
params:	(0.6666666666666666, -0.4444444444444444, -75, -55, -50, -100, -11)	reward:	184.3310319298673
params:	(0.6666666666666666, -0.33333333333333337, -75, -55, -50, -100, -11)	reward:	188.6377488955021
params:	(0.6666666666666666, -0.22222222222222232, -75, -55, -50, -100, -11)	reward:	189.88046115471766
params:	(0.6666666666666666, -0.11111111111111116, -75, -55, -50, -100, -11)	reward:	184.83708942135604
params:	(0.6666666666666666, 0.0, -75, -55, -50, -100, -11)	reward:	191.91412069892513
params:	(0.6666666666666666, -0.5, -125, -55, -50, -100, -11)	reward:	54.303869344353046
params:	(0.6666666666666666, -0.5, -113, -55, -50, -100, -11)	reward:	122.87121868889506
params:	(0.6666666666666666, -0.5, -102, -55, -50, -100, -11)	reward:	63.44753909178589
params:	(0.6666666666666666, -0.5, -91, -55, -50, -100, -11)	reward:	184.45533202119523
params:	(0.6666666666666666, -0.5, -80, -55, -50, -100, -11)	reward:	193.1316315203129
params:	(0.6666666666666666, -0.5, -69, -55, -50, -100, -11)	reward:	188.91503977493934
params:	(0.6666666666666666, -0.5, -58, -55, -50, -100, -11)	reward:	185.140996691668
params:	(0.6666666666666666, -0.5, -47, -55, -50, -100, -11)	reward:	183.30305833349226
params:	(0.6666666666666666, -0.5, -36, -55, -50, -100, -11)	reward:	187.9563016749721
params:	(0.6666666666666666, -0.5, -25, -55, -50, -100, -11)	reward:	184.43834644805997
params:	(0.6666666666666666, -0.5, -75, -105, -50, -100, -11)	reward:	46.70598031556121
params:	(0.6666666666666666, -0.5, -75, -93, -50, -100, -11)	reward:	115.16551480598525
params:	(0.6666666666666666, -0.5, -75, -82, -50, -100, -11)	reward:	56.74891826222652
params:	(0.6666666666666666, -0.5, -75, -71, -50, -100, -11)	reward:	125.70967207819358
params:	(0.6666666666666666, -0.5, -75, -60, -50, -100, -11)	reward:	187.01565720855464
params:	(0.6666666666666666, -0.5, -75, -49, -50, -100, -11)	reward:	172.09423747730872
params:	(0.6666666666666666, -0.5, -75, -38, -50, -100, -11)	reward:	191.50526871056536
params:	(0.6666666666666666, -0.5, -75, -27, -50, -100, -11)	reward:	167.71395064009064
params:	(0.6666666666666666, -0.5, -75, -16, -50, -100, -11)	reward:	190.60771075895514
params:	(0.6666666666666666, -0.5, -75, -5, -50, -100, -11)	reward:	152.7903302952805
params:	(0.6666666666666666, -0.5, -75, -55, -100, -100, -11)	reward:	183.01026495687043
params:	(0.6666666666666666, -0.5, -75, -55, -88, -100, -11)	reward:	186.55614758961815
params:	(0.6666666666666666, -0.5, -75, -55, -77, -100, -11)	reward:	185.13280663227616
params:	(0.6666666666666666, -0.5, -75, -55, -66, -100, -11)	reward:	188.4442041056279
params:	(0.6666666666666666, -0.5, -75, -55, -55, -100, -11)	reward:	187.9783706169501
params:	(0.6666666666666666, -0.5, -75, -55, -44, -100, -11)	reward:	192.13195478569864
params:	(0.6666666666666666, -0.5, -75, -55, -33, -100, -11)	reward:	128.64746932810604
params:	(0.6666666666666666, -0.5, -75, -55, -22, -100, -11)	reward:	128.62401274456752
params:	(0.6666666666666666, -0.5, -75, -55, -11, -100, -11)	reward:	126.59845254905342
params:	(0.6666666666666666, -0.5, -75, -55, 0, -100, -11)	reward:	120.93107044702772
params:	(0.6666666666666666, -0.5, -75, -55, -50, -150, -11)	reward:	182.62584010719118
params:	(0.6666666666666666, -0.5, -75, -55, -50, -138, -11)	reward:	183.90855123721326
params:	(0.6666666666666666, -0.5, -75, -55, -50, -127, -11)	reward:	186.1275917794616
params:	(0.6666666666666666, -0.5, -75, -55, -50, -116, -11)	reward:	185.27629718860462
params:	(0.6666666666666666, -0.5, -75, -55, -50, -105, -11)	reward:	193.27596087597735
params:	(0.6666666666666666, -0.5, -75, -55, -50, -94, -11)	reward:	187.5674600631335
params:	(0.6666666666666666, -0.5, -75, -55, -50, -83, -11)	reward:	187.8555530032297
params:	(0.6666666666666666, -0.5, -75, -55, -50, -72, -11)	reward:	52.48265497968376
params:	(0.6666666666666666, -0.5, -75, -55, -50, -61, -11)	reward:	-21.1937619977268
params:	(0.6666666666666666, -0.5, -75, -55, -50, -50, -11)	reward:	-27.54860468181539
params:	(0.6666666666666666, -0.5, -75, -55, -50, -100, -61)	reward:	-21.054630138920007
params:	(0.6666666666666666, -0.5, -75, -55, -50, -100, -49)	reward:	-7.463363529296888
params:	(0.6666666666666666, -0.5, -75, -55, -50, -100, -38)	reward:	73.72155969975331
params:	(0.6666666666666666, -0.5, -75, -55, -50, -100, -27)	reward:	128.69079286238502
params:	(0.6666666666666666, -0.5, -75, -55, -50, -100, -16)	reward:	189.60711115895904
params:	(0.6666666666666666, -0.5, -75, -55, -50, -100, -5)	reward:	184.6043578180204
params:	(0.6666666666666666, -0.5, -75, -55, -50, -100, 5)	reward:	180.57766820217566
params:	(0.6666666666666666, -0.5, -75, -55, -50, -100, 16)	reward:	155.61135353322948
params:	(0.6666666666666666, -0.5, -75, -55, -50, -100, 27)	reward:	50.68421875845363
params:	(0.6666666666666666, -0.5, -75, -55, -50, -100, 39)	reward:	41.455447361542674
params:	(-0.8333333333333334, -0.5, -75, -55, -50, -100, -11)	reward:	187.69540353770756
params:	(-0.5, -0.5, -75, -55, -50, -100, -11)	reward:	189.51790216665177
params:	(-0.16666666666666674, -0.5, -75, -55, -50, -100, -11)	reward:	194.1901567030195
params:	(0.16666666666666663, -0.5, -75, -55, -50, -100, -11)	reward:	188.80773355891804
params:	(0.4999999999999999, -0.5, -75, -55, -50, -100, -11)	reward:	189.7531612397328
params:	(0.8333333333333331, -0.5, -75, -55, -50, -100, -11)	reward:	187.0947202284959
params:	(1.1666666666666665, -0.5, -75, -55, -50, -100, -11)	reward:	194.66861056746492
params:	(1.4999999999999996, -0.5, -75, -55, -50, -100, -11)	reward:	187.3436270500632
params:	(1.833333333333333, -0.5, -75, -55, -50, -100, -11)	reward:	189.69983452260405
params:	(2.1666666666666665, -0.5, -75, -55, -50, -100, -11)	reward:	186.83829007817135
params:	(1.1666666666666665, -1.0, -75, -55, -50, -100, -11)	reward:	191.37275686797412
params:	(1.1666666666666665, -0.8888888888888888, -75, -55, -50, -100, -11)	reward:	188.07103953757328
params:	(1.1666666666666665, -0.7777777777777778, -75, -55, -50, -100, -11)	reward:	191.11443172971437
params:	(1.1666666666666665, -0.6666666666666667, -75, -55, -50, -100, -11)	reward:	183.33821121103793
params:	(1.1666666666666665, -0.5555555555555556, -75, -55, -50, -100, -11)	reward:	196.55308866543865
params:	(1.1666666666666665, -0.4444444444444444, -75, -55, -50, -100, -11)	reward:	194.013487767743
params:	(1.1666666666666665, -0.33333333333333337, -75, -55, -50, -100, -11)	reward:	191.01274255672317
params:	(1.1666666666666665, -0.22222222222222232, -75, -55, -50, -100, -11)	reward:	187.54205099506922
params:	(1.1666666666666665, -0.11111111111111116, -75, -55, -50, -100, -11)	reward:	191.72687355647847
params:	(1.1666666666666665, 0.0, -75, -55, -50, -100, -11)	reward:	183.90858510790153
params:	(1.1666666666666665, -0.5555555555555556, -125, -55, -50, -100, -11)	reward:	51.02109121592785
params:	(1.1666666666666665, -0.5555555555555556, -113, -55, -50, -100, -11)	reward:	124.9863663600782
params:	(1.1666666666666665, -0.5555555555555556, -102, -55, -50, -100, -11)	reward:	66.94694689407159
params:	(1.1666666666666665, -0.5555555555555556, -91, -55, -50, -100, -11)	reward:	193.1556475086047
params:	(1.1666666666666665, -0.5555555555555556, -80, -55, -50, -100, -11)	reward:	195.20982524492135
params:	(1.1666666666666665, -0.5555555555555556, -69, -55, -50, -100, -11)	reward:	192.64935242684354
params:	(1.1666666666666665, -0.5555555555555556, -58, -55, -50, -100, -11)	reward:	186.72869639972532
params:	(1.1666666666666665, -0.5555555555555556, -47, -55, -50, -100, -11)	reward:	184.75302971678028
params:	(1.1666666666666665, -0.5555555555555556, -36, -55, -50, -100, -11)	reward:	179.89472433360257
params:	(1.1666666666666665, -0.5555555555555556, -25, -55, -50, -100, -11)	reward:	184.12800743243665
params:	(1.1666666666666665, -0.5555555555555556, -75, -105, -50, -100, -11)	reward:	114.84876629258774
params:	(1.1666666666666665, -0.5555555555555556, -75, -93, -50, -100, -11)	reward:	51.44558452410103
params:	(1.1666666666666665, -0.5555555555555556, -75, -82, -50, -100, -11)	reward:	120.78430444450754
params:	(1.1666666666666665, -0.5555555555555556, -75, -71, -50, -100, -11)	reward:	186.4947511968813
params:	(1.1666666666666665, -0.5555555555555556, -75, -60, -50, -100, -11)	reward:	186.32085728840698
params:	(1.1666666666666665, -0.5555555555555556, -75, -49, -50, -100, -11)	reward:	179.8310331804108
params:	(1.1666666666666665, -0.5555555555555556, -75, -38, -50, -100, -11)	reward:	189.48882752073902
params:	(1.1666666666666665, -0.5555555555555556, -75, -27, -50, -100, -11)	reward:	167.04061394456411
params:	(1.1666666666666665, -0.5555555555555556, -75, -16, -50, -100, -11)	reward:	181.4030638476892
params:	(1.1666666666666665, -0.5555555555555556, -75, -5, -50, -100, -11)	reward:	156.1346567942583
params:	(1.1666666666666665, -0.5555555555555556, -75, -55, -100, -100, -11)	reward:	185.30881915965264
params:	(1.1666666666666665, -0.5555555555555556, -75, -55, -88, -100, -11)	reward:	184.11375335111427
params:	(1.1666666666666665, -0.5555555555555556, -75, -55, -77, -100, -11)	reward:	182.91631334492786
params:	(1.1666666666666665, -0.5555555555555556, -75, -55, -66, -100, -11)	reward:	191.67301021719422
params:	(1.1666666666666665, -0.5555555555555556, -75, -55, -55, -100, -11)	reward:	189.93110715129657
params:	(1.1666666666666665, -0.5555555555555556, -75, -55, -44, -100, -11)	reward:	188.60027147680992
params:	(1.1666666666666665, -0.5555555555555556, -75, -55, -33, -100, -11)	reward:	183.43204559207615
params:	(1.1666666666666665, -0.5555555555555556, -75, -55, -22, -100, -11)	reward:	144.60973804238714
params:	(1.1666666666666665, -0.5555555555555556, -75, -55, -11, -100, -11)	reward:	63.95787790215082
params:	(1.1666666666666665, -0.5555555555555556, -75, -55, 0, -100, -11)	reward:	122.8906662265067
params:	(1.1666666666666665, -0.5555555555555556, -75, -55, -50, -150, -11)	reward:	194.32692440933673
params:	(1.1666666666666665, -0.5555555555555556, -75, -55, -50, -138, -11)	reward:	177.92391222958292
params:	(1.1666666666666665, -0.5555555555555556, -75, -55, -50, -127, -11)	reward:	183.40725179140065
params:	(1.1666666666666665, -0.5555555555555556, -75, -55, -50, -116, -11)	reward:	183.2812029589942
params:	(1.1666666666666665, -0.5555555555555556, -75, -55, -50, -105, -11)	reward:	187.472546023715
params:	(1.1666666666666665, -0.5555555555555556, -75, -55, -50, -94, -11)	reward:	187.00455428025123
params:	(1.1666666666666665, -0.5555555555555556, -75, -55, -50, -83, -11)	reward:	124.53725024205596
params:	(1.1666666666666665, -0.5555555555555556, -75, -55, -50, -72, -11)	reward:	119.11269112979566
params:	(1.1666666666666665, -0.5555555555555556, -75, -55, -50, -61, -11)	reward:	48.727779258879885
params:	(1.1666666666666665, -0.5555555555555556, -75, -55, -50, -50, -11)	reward:	44.232018556081535
params:	(1.1666666666666665, -0.5555555555555556, -75, -55, -50, -100, -61)	reward:	-6.488351180079629
params:	(1.1666666666666665, -0.5555555555555556, -75, -55, -50, -100, -49)	reward:	-11.96739339686942
params:	(1.1666666666666665, -0.5555555555555556, -75, -55, -50, -100, -38)	reward:	-18.55165734308417
params:	(1.1666666666666665, -0.5555555555555556, -75, -55, -50, -100, -27)	reward:	-3.6937991763328846
params:	(1.1666666666666665, -0.5555555555555556, -75, -55, -50, -100, -16)	reward:	193.76156580692705
params:	(1.1666666666666665, -0.5555555555555556, -75, -55, -50, -100, -5)	reward:	183.60826007742978
params:	(1.1666666666666665, -0.5555555555555556, -75, -55, -50, -100, 5)	reward:	178.42354102730755
params:	(1.1666666666666665, -0.5555555555555556, -75, -55, -50, -100, 16)	reward:	162.44810210353705
params:	(1.1666666666666665, -0.5555555555555556, -75, -55, -50, -100, 27)	reward:	74.78400063803572
params:	(1.1666666666666665, -0.5555555555555556, -75, -55, -50, -100, 39)	reward:	114.13582398654574
params:	(-0.3333333333333335, -0.5555555555555556, -75, -55, -50, -100, -11)	reward:	181.47936382203002
params:	(-1.6653345369377348e-16, -0.5555555555555556, -75, -55, -50, -100, -11)	reward:	190.70149336672372
params:	(0.33333333333333315, -0.5555555555555556, -75, -55, -50, -100, -11)	reward:	179.3091298936749
params:	(0.6666666666666665, -0.5555555555555556, -75, -55, -50, -100, -11)	reward:	186.21580066967917
params:	(0.9999999999999998, -0.5555555555555556, -75, -55, -50, -100, -11)	reward:	189.37914722478936
params:	(1.333333333333333, -0.5555555555555556, -75, -55, -50, -100, -11)	reward:	188.10537555948642
params:	(1.6666666666666665, -0.5555555555555556, -75, -55, -50, -100, -11)	reward:	193.90653998120752
params:	(1.9999999999999996, -0.5555555555555556, -75, -55, -50, -100, -11)	reward:	183.46096770634145
params:	(2.333333333333333, -0.5555555555555556, -75, -55, -50, -100, -11)	reward:	191.8277088194426
params:	(2.6666666666666665, -0.5555555555555556, -75, -55, -50, -100, -11)	reward:	189.63546826780814
params:	(1.1666666666666665, -1.0555555555555556, -75, -55, -50, -100, -11)	reward:	188.90594063211594
params:	(1.1666666666666665, -0.9444444444444444, -75, -55, -50, -100, -11)	reward:	193.78750340302065
params:	(1.1666666666666665, -0.8333333333333334, -75, -55, -50, -100, -11)	reward:	184.54390463909462
params:	(1.1666666666666665, -0.7222222222222223, -75, -55, -50, -100, -11)	reward:	190.22543964477063
params:	(1.1666666666666665, -0.6111111111111112, -75, -55, -50, -100, -11)	reward:	193.94218753745812
params:	(1.1666666666666665, -0.5, -75, -55, -50, -100, -11)	reward:	186.3667477928419
params:	(1.1666666666666665, -0.38888888888888895, -75, -55, -50, -100, -11)	reward:	191.32034707243648
params:	(1.1666666666666665, -0.2777777777777779, -75, -55, -50, -100, -11)	reward:	188.21829652734425
params:	(1.1666666666666665, -0.16666666666666674, -75, -55, -50, -100, -11)	reward:	191.45155154025397
params:	(1.1666666666666665, -0.05555555555555558, -75, -55, -50, -100, -11)	reward:	190.72162476584268
params:	(1.1666666666666665, -0.5555555555555556, -125, -55, -50, -100, -11)	reward:	114.5373497119535
params:	(1.1666666666666665, -0.5555555555555556, -113, -55, -50, -100, -11)	reward:	184.06739532872697
params:	(1.1666666666666665, -0.5555555555555556, -102, -55, -50, -100, -11)	reward:	187.05075958558677
params:	(1.1666666666666665, -0.5555555555555556, -91, -55, -50, -100, -11)	reward:	185.17974685279333
params:	(1.1666666666666665, -0.5555555555555556, -80, -55, -50, -100, -11)	reward:	187.21585316974696
params:	(1.1666666666666665, -0.5555555555555556, -69, -55, -50, -100, -11)	reward:	184.2951864185347
params:	(1.1666666666666665, -0.5555555555555556, -58, -55, -50, -100, -11)	reward:	183.1236802239341
params:	(1.1666666666666665, -0.5555555555555556, -47, -55, -50, -100, -11)	reward:	187.8894053499093
params:	(1.1666666666666665, -0.5555555555555556, -36, -55, -50, -100, -11)	reward:	186.826134874605
params:	(1.1666666666666665, -0.5555555555555556, -25, -55, -50, -100, -11)	reward:	187.35262811404252
params:	(1.1666666666666665, -0.5555555555555556, -75, -105, -50, -100, -11)	reward:	50.476288595579454
params:	(1.1666666666666665, -0.5555555555555556, -75, -93, -50, -100, -11)	reward:	53.14415523040617
params:	(1.1666666666666665, -0.5555555555555556, -75, -82, -50, -100, -11)	reward:	123.66577550859886
params:	(1.1666666666666665, -0.5555555555555556, -75, -71, -50, -100, -11)	reward:	124.38488352584166
params:	(1.1666666666666665, -0.5555555555555556, -75, -60, -50, -100, -11)	reward:	182.55203179877415
params:	(1.1666666666666665, -0.5555555555555556, -75, -49, -50, -100, -11)	reward:	178.0001897335235
params:	(1.1666666666666665, -0.5555555555555556, -75, -38, -50, -100, -11)	reward:	186.70651117459855
params:	(1.1666666666666665, -0.5555555555555556, -75, -27, -50, -100, -11)	reward:	165.53392941052485
params:	(1.1666666666666665, -0.5555555555555556, -75, -16, -50, -100, -11)	reward:	167.60645495684537
params:	(1.1666666666666665, -0.5555555555555556, -75, -5, -50, -100, -11)	reward:	163.35823074884632
params:	(1.1666666666666665, -0.5555555555555556, -75, -55, -100, -100, -11)	reward:	183.71022608142394
params:	(1.1666666666666665, -0.5555555555555556, -75, -55, -88, -100, -11)	reward:	185.69239111130798
params:	(1.1666666666666665, -0.5555555555555556, -75, -55, -77, -100, -11)	reward:	183.76576873818635
params:	(1.1666666666666665, -0.5555555555555556, -75, -55, -66, -100, -11)	reward:	188.8871269770128
params:	(1.1666666666666665, -0.5555555555555556, -75, -55, -55, -100, -11)	reward:	191.4714600248383
params:	(1.1666666666666665, -0.5555555555555556, -75, -55, -44, -100, -11)	reward:	191.80668289458148
params:	(1.1666666666666665, -0.5555555555555556, -75, -55, -33, -100, -11)	reward:	182.0210584646757
params:	(1.1666666666666665, -0.5555555555555556, -75, -55, -22, -100, -11)	reward:	192.64566434282446
params:	(1.1666666666666665, -0.5555555555555556, -75, -55, -11, -100, -11)	reward:	64.4577530186035
params:	(1.1666666666666665, -0.5555555555555556, -75, -55, 0, -100, -11)	reward:	117.22364123466525
params:	(1.1666666666666665, -0.5555555555555556, -75, -55, -50, -150, -11)	reward:	187.263259191227
params:	(1.1666666666666665, -0.5555555555555556, -75, -55, -50, -138, -11)	reward:	179.64703146827802
params:	(1.1666666666666665, -0.5555555555555556, -75, -55, -50, -127, -11)	reward:	184.8256995647595
params:	(1.1666666666666665, -0.5555555555555556, -75, -55, -50, -116, -11)	reward:	183.74933357695636
params:	(1.1666666666666665, -0.5555555555555556, -75, -55, -50, -105, -11)	reward:	183.66682754172265
params:	(1.1666666666666665, -0.5555555555555556, -75, -55, -50, -94, -11)	reward:	187.2068016307464
params:	(1.1666666666666665, -0.5555555555555556, -75, -55, -50, -83, -11)	reward:	125.57202736207438
params:	(1.1666666666666665, -0.5555555555555556, -75, -55, -50, -72, -11)	reward:	117.78930398659925
params:	(1.1666666666666665, -0.5555555555555556, -75, -55, -50, -61, -11)	reward:	113.39895968571064
params:	(1.1666666666666665, -0.5555555555555556, -75, -55, -50, -50, -11)	reward:	109.135515437601
params:	(1.1666666666666665, -0.5555555555555556, -75, -55, -50, -100, -61)	reward:	-8.70309677671229
params:	(1.1666666666666665, -0.5555555555555556, -75, -55, -50, -100, -49)	reward:	25.96752019304968
params:	(1.1666666666666665, -0.5555555555555556, -75, -55, -50, -100, -38)	reward:	117.4441257909322
params:	(1.1666666666666665, -0.5555555555555556, -75, -55, -50, -100, -27)	reward:	128.41373939745029
params:	(1.1666666666666665, -0.5555555555555556, -75, -55, -50, -100, -16)	reward:	188.3419797062393
params:	(1.1666666666666665, -0.5555555555555556, -75, -55, -50, -100, -5)	reward:	183.32596222394022
params:	(1.1666666666666665, -0.5555555555555556, -75, -55, -50, -100, 5)	reward:	179.83025449022367
params:	(1.1666666666666665, -0.5555555555555556, -75, -55, -50, -100, 16)	reward:	158.76616633592994
params:	(1.1666666666666665, -0.5555555555555556, -75, -55, -50, -100, 27)	reward:	53.132225747549796
params:	(1.1666666666666665, -0.5555555555555556, -75, -55, -50, -100, 39)	reward:	54.45385871670333
params:	(-0.3333333333333335, -0.5555555555555556, -75, -55, -50, -100, -11)	reward:	188.33910879675364
params:	(-1.6653345369377348e-16, -0.5555555555555556, -75, -55, -50, -100, -11)	reward:	191.35585255954643
params:	(0.33333333333333315, -0.5555555555555556, -75, -55, -50, -100, -11)	reward:	187.01457178878596
params:	(0.6666666666666665, -0.5555555555555556, -75, -55, -50, -100, -11)	reward:	191.55235899429627
params:	(0.9999999999999998, -0.5555555555555556, -75, -55, -50, -100, -11)	reward:	191.0602537830125
params:	(1.333333333333333, -0.5555555555555556, -75, -55, -50, -100, -11)	reward:	182.68766714806998
params:	(1.6666666666666665, -0.5555555555555556, -75, -55, -50, -100, -11)	reward:	182.226829765222
params:	(1.9999999999999996, -0.5555555555555556, -75, -55, -50, -100, -11)	reward:	183.18877829006956
params:	(2.333333333333333, -0.5555555555555556, -75, -55, -50, -100, -11)	reward:	181.65179796755228
params:	(2.6666666666666665, -0.5555555555555556, -75, -55, -50, -100, -11)	reward:	192.8018694682411
params:	(1.1666666666666665, -1.0555555555555556, -75, -55, -50, -100, -11)	reward:	179.29123326385877
params:	(1.1666666666666665, -0.9444444444444444, -75, -55, -50, -100, -11)	reward:	187.00115619643643
params:	(1.1666666666666665, -0.8333333333333334, -75, -55, -50, -100, -11)	reward:	179.95345997073196
params:	(1.1666666666666665, -0.7222222222222223, -75, -55, -50, -100, -11)	reward:	192.09478242182897
params:	(1.1666666666666665, -0.6111111111111112, -75, -55, -50, -100, -11)	reward:	186.38673386450873
params:	(1.1666666666666665, -0.5, -75, -55, -50, -100, -11)	reward:	185.2710555928121
params:	(1.1666666666666665, -0.38888888888888895, -75, -55, -50, -100, -11)	reward:	186.8431935215052
params:	(1.1666666666666665, -0.2777777777777779, -75, -55, -50, -100, -11)	reward:	191.2140950961353
params:	(1.1666666666666665, -0.16666666666666674, -75, -55, -50, -100, -11)	reward:	191.7274825639802
params:	(1.1666666666666665, -0.05555555555555558, -75, -55, -50, -100, -11)	reward:	193.87112133969254
params:	(1.1666666666666665, -0.5555555555555556, -125, -55, -50, -100, -11)	reward:	-8.89177989981509
params:	(1.1666666666666665, -0.5555555555555556, -113, -55, -50, -100, -11)	reward:	122.85200907627394
params:	(1.1666666666666665, -0.5555555555555556, -102, -55, -50, -100, -11)	reward:	126.98294693815224
params:	(1.1666666666666665, -0.5555555555555556, -91, -55, -50, -100, -11)	reward:	191.59007450928357
params:	(1.1666666666666665, -0.5555555555555556, -80, -55, -50, -100, -11)	reward:	190.9084686772229
params:	(1.1666666666666665, -0.5555555555555556, -69, -55, -50, -100, -11)	reward:	191.06914773843053
params:	(1.1666666666666665, -0.5555555555555556, -58, -55, -50, -100, -11)	reward:	185.5049560683066
params:	(1.1666666666666665, -0.5555555555555556, -47, -55, -50, -100, -11)	reward:	187.13988170859704
params:	(1.1666666666666665, -0.5555555555555556, -36, -55, -50, -100, -11)	reward:	180.39363401771857
params:	(1.1666666666666665, -0.5555555555555556, -25, -55, -50, -100, -11)	reward:	187.890125148362
params:	(1.1666666666666665, -0.5555555555555556, -75, -105, -50, -100, -11)	reward:	118.89376128170488
params:	(1.1666666666666665, -0.5555555555555556, -75, -93, -50, -100, -11)	reward:	51.33052952349218
params:	(1.1666666666666665, -0.5555555555555556, -75, -82, -50, -100, -11)	reward:	118.76917803239841
params:	(1.1666666666666665, -0.5555555555555556, -75, -71, -50, -100, -11)	reward:	122.55084218290523
params:	(1.1666666666666665, -0.5555555555555556, -75, -60, -50, -100, -11)	reward:	189.57990133894893
params:	(1.1666666666666665, -0.5555555555555556, -75, -49, -50, -100, -11)	reward:	186.36430247981852
params:	(1.1666666666666665, -0.5555555555555556, -75, -38, -50, -100, -11)	reward:	170.3256373339208
params:	(1.1666666666666665, -0.5555555555555556, -75, -27, -50, -100, -11)	reward:	186.67291944296664
params:	(1.1666666666666665, -0.5555555555555556, -75, -16, -50, -100, -11)	reward:	153.76467665835733
params:	(1.1666666666666665, -0.5555555555555556, -75, -5, -50, -100, -11)	reward:	183.7335904399707
params:	(1.1666666666666665, -0.5555555555555556, -75, -55, -100, -100, -11)	reward:	183.06027987411235
params:	(1.1666666666666665, -0.5555555555555556, -75, -55, -88, -100, -11)	reward:	185.29541285735874
params:	(1.1666666666666665, -0.5555555555555556, -75, -55, -77, -100, -11)	reward:	187.69578993551445
params:	(1.1666666666666665, -0.5555555555555556, -75, -55, -66, -100, -11)	reward:	182.34796184819353
params:	(1.1666666666666665, -0.5555555555555556, -75, -55, -55, -100, -11)	reward:	185.56429887614664
params:	(1.1666666666666665, -0.5555555555555556, -75, -55, -44, -100, -11)	reward:	190.72359304309848
params:	(1.1666666666666665, -0.5555555555555556, -75, -55, -33, -100, -11)	reward:	183.1889122964351
params:	(1.1666666666666665, -0.5555555555555556, -75, -55, -22, -100, -11)	reward:	65.05850487464585
params:	(1.1666666666666665, -0.5555555555555556, -75, -55, -11, -100, -11)	reward:	-5.9951289398514795
params:	(1.1666666666666665, -0.5555555555555556, -75, -55, 0, -100, -11)	reward:	112.23608504497194
params:	(1.1666666666666665, -0.5555555555555556, -75, -55, -50, -150, -11)	reward:	181.22634633408597
params:	(1.1666666666666665, -0.5555555555555556, -75, -55, -50, -138, -11)	reward:	177.64235970145717
params:	(1.1666666666666665, -0.5555555555555556, -75, -55, -50, -127, -11)	reward:	166.16015340769323
params:	(1.1666666666666665, -0.5555555555555556, -75, -55, -50, -116, -11)	reward:	189.09212009412886
params:	(1.1666666666666665, -0.5555555555555556, -75, -55, -50, -105, -11)	reward:	188.59191179812095
params:	(1.1666666666666665, -0.5555555555555556, -75, -55, -50, -94, -11)	reward:	184.43770593092873
params:	(1.1666666666666665, -0.5555555555555556, -75, -55, -50, -83, -11)	reward:	65.40579493240288
params:	(1.1666666666666665, -0.5555555555555556, -75, -55, -50, -72, -11)	reward:	-12.131169370500308
params:	(1.1666666666666665, -0.5555555555555556, -75, -55, -50, -61, -11)	reward:	45.863570375146566
params:	(1.1666666666666665, -0.5555555555555556, -75, -55, -50, -50, -11)	reward:	41.18540615669843
params:	(1.1666666666666665, -0.5555555555555556, -75, -55, -50, -100, -61)	reward:	-22.88723463137124
params:	(1.1666666666666665, -0.5555555555555556, -75, -55, -50, -100, -49)	reward:	10.41601436250316
params:	(1.1666666666666665, -0.5555555555555556, -75, -55, -50, -100, -38)	reward:	27.51796344318124
params:	(1.1666666666666665, -0.5555555555555556, -75, -55, -50, -100, -27)	reward:	122.92767078918821
params:	(1.1666666666666665, -0.5555555555555556, -75, -55, -50, -100, -16)	reward:	188.2962840008736
params:	(1.1666666666666665, -0.5555555555555556, -75, -55, -50, -100, -5)	reward:	184.4070539909833
params:	(1.1666666666666665, -0.5555555555555556, -75, -55, -50, -100, 5)	reward:	179.8592785843781
params:	(1.1666666666666665, -0.5555555555555556, -75, -55, -50, -100, 16)	reward:	163.58982237925812
params:	(1.1666666666666665, -0.5555555555555556, -75, -55, -50, -100, 27)	reward:	138.1320130722851
params:	(1.1666666666666665, -0.5555555555555556, -75, -55, -50, -100, 39)	reward:	127.6939615278148
params:	(-0.3333333333333335, -0.5555555555555556, -75, -55, -50, -100, -11)	reward:	188.94043440398193
params:	(-1.6653345369377348e-16, -0.5555555555555556, -75, -55, -50, -100, -11)	reward:	190.01135242359905
params:	(0.33333333333333315, -0.5555555555555556, -75, -55, -50, -100, -11)	reward:	193.51136327882196
params:	(0.6666666666666665, -0.5555555555555556, -75, -55, -50, -100, -11)	reward:	190.98369711778335
params:	(0.9999999999999998, -0.5555555555555556, -75, -55, -50, -100, -11)	reward:	187.6954353704369
params:	(1.333333333333333, -0.5555555555555556, -75, -55, -50, -100, -11)	reward:	187.09923688131846
params:	(1.6666666666666665, -0.5555555555555556, -75, -55, -50, -100, -11)	reward:	187.77757727541157
params:	(1.9999999999999996, -0.5555555555555556, -75, -55, -50, -100, -11)	reward:	185.26632516047076
params:	(2.333333333333333, -0.5555555555555556, -75, -55, -50, -100, -11)	reward:	182.85979056174173
params:	(2.6666666666666665, -0.5555555555555556, -75, -55, -50, -100, -11)	reward:	195.65176195298253
params:	(1.1666666666666665, -1.0555555555555556, -75, -55, -50, -100, -11)	reward:	191.13036611974255
params:	(1.1666666666666665, -0.9444444444444444, -75, -55, -50, -100, -11)	reward:	184.73680781897792
params:	(1.1666666666666665, -0.8333333333333334, -75, -55, -50, -100, -11)	reward:	189.0964980341064
params:	(1.1666666666666665, -0.7222222222222223, -75, -55, -50, -100, -11)	reward:	180.3224032709488
params:	(1.1666666666666665, -0.6111111111111112, -75, -55, -50, -100, -11)	reward:	185.6373865991227
params:	(1.1666666666666665, -0.5, -75, -55, -50, -100, -11)	reward:	195.28231407975554
params:	(1.1666666666666665, -0.38888888888888895, -75, -55, -50, -100, -11)	reward:	191.6726222299285
params:	(1.1666666666666665, -0.2777777777777779, -75, -55, -50, -100, -11)	reward:	181.82367925879987
params:	(1.1666666666666665, -0.16666666666666674, -75, -55, -50, -100, -11)	reward:	191.09607029914017
params:	(1.1666666666666665, -0.05555555555555558, -75, -55, -50, -100, -11)	reward:	188.68406895372019
params:	(1.1666666666666665, -0.5555555555555556, -100, -55, -50, -100, -11)	reward:	64.78691711650552
params:	(1.1666666666666665, -0.5555555555555556, -94, -55, -50, -100, -11)	reward:	189.33020643322948
params:	(1.1666666666666665, -0.5555555555555556, -88, -55, -50, -100, -11)	reward:	186.615472807188
params:	(1.1666666666666665, -0.5555555555555556, -83, -55, -50, -100, -11)	reward:	191.09482388409057
params:	(1.1666666666666665, -0.5555555555555556, -77, -55, -50, -100, -11)	reward:	191.63371855749972
params:	(1.1666666666666665, -0.5555555555555556, -72, -55, -50, -100, -11)	reward:	189.89350026996763
params:	(1.1666666666666665, -0.5555555555555556, -66, -55, -50, -100, -11)	reward:	187.13647308358335
params:	(1.1666666666666665, -0.5555555555555556, -61, -55, -50, -100, -11)	reward:	182.85459325411435
params:	(1.1666666666666665, -0.5555555555555556, -55, -55, -50, -100, -11)	reward:	187.36534329231316
params:	(1.1666666666666665, -0.5555555555555556, -50, -55, -50, -100, -11)	reward:	184.77691451444045
params:	(1.1666666666666665, -0.5555555555555556, -75, -80, -50, -100, -11)	reward:	119.11004572226148
params:	(1.1666666666666665, -0.5555555555555556, -75, -74, -50, -100, -11)	reward:	122.85142025242625
params:	(1.1666666666666665, -0.5555555555555556, -75, -68, -50, -100, -11)	reward:	183.8960650121695
params:	(1.1666666666666665, -0.5555555555555556, -75, -63, -50, -100, -11)	reward:	185.6192504557085
params:	(1.1666666666666665, -0.5555555555555556, -75, -57, -50, -100, -11)	reward:	189.1107980441058
params:	(1.1666666666666665, -0.5555555555555556, -75, -52, -50, -100, -11)	reward:	193.89114131080453
params:	(1.1666666666666665, -0.5555555555555556, -75, -46, -50, -100, -11)	reward:	173.96367813939298
params:	(1.1666666666666665, -0.5555555555555556, -75, -41, -50, -100, -11)	reward:	183.92948598161558
params:	(1.1666666666666665, -0.5555555555555556, -75, -35, -50, -100, -11)	reward:	186.0230392043167
params:	(1.1666666666666665, -0.5555555555555556, -75, -30, -50, -100, -11)	reward:	176.62541129263448
params:	(1.1666666666666665, -0.5555555555555556, -75, -55, -75, -100, -11)	reward:	185.87858162861266
params:	(1.1666666666666665, -0.5555555555555556, -75, -55, -69, -100, -11)	reward:	188.34926167961598
params:	(1.1666666666666665, -0.5555555555555556, -75, -55, -63, -100, -11)	reward:	185.2611833188756
params:	(1.1666666666666665, -0.5555555555555556, -75, -55, -58, -100, -11)	reward:	189.59286607613856
params:	(1.1666666666666665, -0.5555555555555556, -75, -55, -52, -100, -11)	reward:	181.75914991617012
params:	(1.1666666666666665, -0.5555555555555556, -75, -55, -47, -100, -11)	reward:	189.91182052191812
params:	(1.1666666666666665, -0.5555555555555556, -75, -55, -41, -100, -11)	reward:	183.2379799016545
params:	(1.1666666666666665, -0.5555555555555556, -75, -55, -36, -100, -11)	reward:	124.33738580042102
params:	(1.1666666666666665, -0.5555555555555556, -75, -55, -30, -100, -11)	reward:	182.62568378574943
params:	(1.1666666666666665, -0.5555555555555556, -75, -55, -25, -100, -11)	reward:	7.596653483103275
params:	(1.1666666666666665, -0.5555555555555556, -75, -55, -50, -125, -11)	reward:	190.85145623340568
params:	(1.1666666666666665, -0.5555555555555556, -75, -55, -50, -119, -11)	reward:	179.86537518638548
params:	(1.1666666666666665, -0.5555555555555556, -75, -55, -50, -113, -11)	reward:	188.7854427589497
params:	(1.1666666666666665, -0.5555555555555556, -75, -55, -50, -108, -11)	reward:	187.5659568886986
params:	(1.1666666666666665, -0.5555555555555556, -75, -55, -50, -102, -11)	reward:	196.2811055144996
params:	(1.1666666666666665, -0.5555555555555556, -75, -55, -50, -97, -11)	reward:	191.9598806965314
params:	(1.1666666666666665, -0.5555555555555556, -75, -55, -50, -91, -11)	reward:	188.224151628229
params:	(1.1666666666666665, -0.5555555555555556, -75, -55, -50, -86, -11)	reward:	123.66479427678674
params:	(1.1666666666666665, -0.5555555555555556, -75, -55, -50, -80, -11)	reward:	186.51153845722948
params:	(1.1666666666666665, -0.5555555555555556, -75, -55, -50, -75, -11)	reward:	185.7298174460093
params:	(1.1666666666666665, -0.5555555555555556, -75, -55, -50, -100, -36)	reward:	-17.027137722375773
params:	(1.1666666666666665, -0.5555555555555556, -75, -55, -50, -100, -30)	reward:	-12.14619466452404
params:	(1.1666666666666665, -0.5555555555555556, -75, -55, -50, -100, -24)	reward:	127.1370953414741
params:	(1.1666666666666665, -0.5555555555555556, -75, -55, -50, -100, -19)	reward:	187.65326984718445
params:	(1.1666666666666665, -0.5555555555555556, -75, -55, -50, -100, -13)	reward:	182.1229963066036
params:	(1.1666666666666665, -0.5555555555555556, -75, -55, -50, -100, -8)	reward:	185.4686028756471
params:	(1.1666666666666665, -0.5555555555555556, -75, -55, -50, -100, -2)	reward:	185.62570014104747
params:	(1.1666666666666665, -0.5555555555555556, -75, -55, -50, -100, 2)	reward:	175.5962723008299
params:	(1.1666666666666665, -0.5555555555555556, -75, -55, -50, -100, 8)	reward:	180.4693488806827
params:	(1.1666666666666665, -0.5555555555555556, -75, -55, -50, -100, 14)	reward:	172.52543246361145
params:	(-0.3333333333333335, -0.5555555555555556, -75, -55, -50, -100, -11)	reward:	187.1481664207048
params:	(-1.6653345369377348e-16, -0.5555555555555556, -75, -55, -50, -100, -11)	reward:	187.54138437842133
params:	(0.33333333333333315, -0.5555555555555556, -75, -55, -50, -100, -11)	reward:	184.8988840793256
params:	(0.6666666666666665, -0.5555555555555556, -75, -55, -50, -100, -11)	reward:	182.28943536315117
params:	(0.9999999999999998, -0.5555555555555556, -75, -55, -50, -100, -11)	reward:	191.61699944522107
params:	(1.333333333333333, -0.5555555555555556, -75, -55, -50, -100, -11)	reward:	186.2385599213366
params:	(1.6666666666666665, -0.5555555555555556, -75, -55, -50, -100, -11)	reward:	195.67766855273135
params:	(1.9999999999999996, -0.5555555555555556, -75, -55, -50, -100, -11)	reward:	182.30860399029726
params:	(2.333333333333333, -0.5555555555555556, -75, -55, -50, -100, -11)	reward:	190.54467070784497
params:	(2.6666666666666665, -0.5555555555555556, -75, -55, -50, -100, -11)	reward:	192.04205757118282
params:	(1.1666666666666665, -1.0555555555555556, -75, -55, -50, -100, -11)	reward:	189.27939873417606
params:	(1.1666666666666665, -0.9444444444444444, -75, -55, -50, -100, -11)	reward:	187.17022964075431
params:	(1.1666666666666665, -0.8333333333333334, -75, -55, -50, -100, -11)	reward:	190.9988667183181
params:	(1.1666666666666665, -0.7222222222222223, -75, -55, -50, -100, -11)	reward:	185.82920202464138
params:	(1.1666666666666665, -0.6111111111111112, -75, -55, -50, -100, -11)	reward:	184.97260138203555
params:	(1.1666666666666665, -0.5, -75, -55, -50, -100, -11)	reward:	190.2774465778617
params:	(1.1666666666666665, -0.38888888888888895, -75, -55, -50, -100, -11)	reward:	190.3547805245191
params:	(1.1666666666666665, -0.2777777777777779, -75, -55, -50, -100, -11)	reward:	187.43498771705796
params:	(1.1666666666666665, -0.16666666666666674, -75, -55, -50, -100, -11)	reward:	192.83972143452567
params:	(1.1666666666666665, -0.05555555555555558, -75, -55, -50, -100, -11)	reward:	190.21455443986065
params:	(1.1666666666666665, -0.5555555555555556, -87, -55, -50, -100, -11)	reward:	187.44782815646386
params:	(1.1666666666666665, -0.5555555555555556, -84, -55, -50, -100, -11)	reward:	185.83189683819774
params:	(1.1666666666666665, -0.5555555555555556, -81, -55, -50, -100, -11)	reward:	186.02798816215326
params:	(1.1666666666666665, -0.5555555555555556, -79, -55, -50, -100, -11)	reward:	187.86676250897654
params:	(1.1666666666666665, -0.5555555555555556, -76, -55, -50, -100, -11)	reward:	185.5225192858936
params:	(1.1666666666666665, -0.5555555555555556, -73, -55, -50, -100, -11)	reward:	185.74173860277565
params:	(1.1666666666666665, -0.5555555555555556, -71, -55, -50, -100, -11)	reward:	181.14904238579444
params:	(1.1666666666666665, -0.5555555555555556, -68, -55, -50, -100, -11)	reward:	189.80097666991028
params:	(1.1666666666666665, -0.5555555555555556, -65, -55, -50, -100, -11)	reward:	188.29694485459189
params:	(1.1666666666666665, -0.5555555555555556, -63, -55, -50, -100, -11)	reward:	182.81641979902497
params:	(1.1666666666666665, -0.5555555555555556, -75, -67, -50, -100, -11)	reward:	183.82226595631184
params:	(1.1666666666666665, -0.5555555555555556, -75, -64, -50, -100, -11)	reward:	185.8217712236769
params:	(1.1666666666666665, -0.5555555555555556, -75, -61, -50, -100, -11)	reward:	183.71703513580383
params:	(1.1666666666666665, -0.5555555555555556, -75, -59, -50, -100, -11)	reward:	182.81102146635703
params:	(1.1666666666666665, -0.5555555555555556, -75, -56, -50, -100, -11)	reward:	186.07852318214142
params:	(1.1666666666666665, -0.5555555555555556, -75, -53, -50, -100, -11)	reward:	190.6741892256941
params:	(1.1666666666666665, -0.5555555555555556, -75, -51, -50, -100, -11)	reward:	184.1397564941699
params:	(1.1666666666666665, -0.5555555555555556, -75, -48, -50, -100, -11)	reward:	185.0769577008231
params:	(1.1666666666666665, -0.5555555555555556, -75, -45, -50, -100, -11)	reward:	183.15377528102303
params:	(1.1666666666666665, -0.5555555555555556, -75, -43, -50, -100, -11)	reward:	190.45225092694315
params:	(1.1666666666666665, -0.5555555555555556, -75, -55, -62, -100, -11)	reward:	187.93123508059912
params:	(1.1666666666666665, -0.5555555555555556, -75, -55, -59, -100, -11)	reward:	185.41624589757666
params:	(1.1666666666666665, -0.5555555555555556, -75, -55, -56, -100, -11)	reward:	184.98101210637117
params:	(1.1666666666666665, -0.5555555555555556, -75, -55, -54, -100, -11)	reward:	185.19843790367665
params:	(1.1666666666666665, -0.5555555555555556, -75, -55, -51, -100, -11)	reward:	196.0205767806505
params:	(1.1666666666666665, -0.5555555555555556, -75, -55, -48, -100, -11)	reward:	188.29262955367798
params:	(1.1666666666666665, -0.5555555555555556, -75, -55, -46, -100, -11)	reward:	193.3910329653994
params:	(1.1666666666666665, -0.5555555555555556, -75, -55, -43, -100, -11)	reward:	182.98443248024833
params:	(1.1666666666666665, -0.5555555555555556, -75, -55, -40, -100, -11)	reward:	183.66817134095615
params:	(1.1666666666666665, -0.5555555555555556, -75, -55, -38, -100, -11)	reward:	185.07262757423803
params:	(1.1666666666666665, -0.5555555555555556, -75, -55, -50, -112, -11)	reward:	186.69400056525694
params:	(1.1666666666666665, -0.5555555555555556, -75, -55, -50, -109, -11)	reward:	187.39602693425968
params:	(1.1666666666666665, -0.5555555555555556, -75, -55, -50, -106, -11)	reward:	188.69780754761345
params:	(1.1666666666666665, -0.5555555555555556, -75, -55, -50, -104, -11)	reward:	187.78737101283824
params:	(1.1666666666666665, -0.5555555555555556, -75, -55, -50, -101, -11)	reward:	193.49621024691086
params:	(1.1666666666666665, -0.5555555555555556, -75, -55, -50, -98, -11)	reward:	191.7169692428033
params:	(1.1666666666666665, -0.5555555555555556, -75, -55, -50, -96, -11)	reward:	193.95962030651958
params:	(1.1666666666666665, -0.5555555555555556, -75, -55, -50, -93, -11)	reward:	187.4210723480643
params:	(1.1666666666666665, -0.5555555555555556, -75, -55, -50, -90, -11)	reward:	188.43901919193306
params:	(1.1666666666666665, -0.5555555555555556, -75, -55, -50, -88, -11)	reward:	126.87225007244194
params:	(1.1666666666666665, -0.5555555555555556, -75, -55, -50, -100, -23)	reward:	128.27052854237698
params:	(1.1666666666666665, -0.5555555555555556, -75, -55, -50, -100, -20)	reward:	138.76823800583838
params:	(1.1666666666666665, -0.5555555555555556, -75, -55, -50, -100, -17)	reward:	185.35102573859578
params:	(1.1666666666666665, -0.5555555555555556, -75, -55, -50, -100, -15)	reward:	185.4658583495941
params:	(1.1666666666666665, -0.5555555555555556, -75, -55, -50, -100, -12)	reward:	186.51291646302948
params:	(1.1666666666666665, -0.5555555555555556, -75, -55, -50, -100, -9)	reward:	189.76463960112517
params:	(1.1666666666666665, -0.5555555555555556, -75, -55, -50, -100, -7)	reward:	186.20221365984148
params:	(1.1666666666666665, -0.5555555555555556, -75, -55, -50, -100, -4)	reward:	180.66391311952597
params:	(1.1666666666666665, -0.5555555555555556, -75, -55, -50, -100, -1)	reward:	183.14737692669857
params:	(1.1666666666666665, -0.5555555555555556, -75, -55, -50, -100, 1)	reward:	178.29898053637112
params:	(-0.3333333333333335, -0.5555555555555556, -75, -55, -50, -100, -11)	reward:	184.36073635147943
params:	(-1.6653345369377348e-16, -0.5555555555555556, -75, -55, -50, -100, -11)	reward:	186.6308253321519
params:	(0.33333333333333315, -0.5555555555555556, -75, -55, -50, -100, -11)	reward:	190.04747105887682
params:	(0.6666666666666665, -0.5555555555555556, -75, -55, -50, -100, -11)	reward:	190.20454475476367
params:	(0.9999999999999998, -0.5555555555555556, -75, -55, -50, -100, -11)	reward:	191.52410647631845
params:	(1.333333333333333, -0.5555555555555556, -75, -55, -50, -100, -11)	reward:	185.55902596874367
params:	(1.6666666666666665, -0.5555555555555556, -75, -55, -50, -100, -11)	reward:	181.4408508439387
params:	(1.9999999999999996, -0.5555555555555556, -75, -55, -50, -100, -11)	reward:	191.17988970766274
params:	(2.333333333333333, -0.5555555555555556, -75, -55, -50, -100, -11)	reward:	191.30745693129072
params:	(2.6666666666666665, -0.5555555555555556, -75, -55, -50, -100, -11)	reward:	186.6503167271287
params:	(1.1666666666666665, -1.0555555555555556, -75, -55, -50, -100, -11)	reward:	186.13818415548766
params:	(1.1666666666666665, -0.9444444444444444, -75, -55, -50, -100, -11)	reward:	183.9861089263915
params:	(1.1666666666666665, -0.8333333333333334, -75, -55, -50, -100, -11)	reward:	193.4522766580403
params:	(1.1666666666666665, -0.7222222222222223, -75, -55, -50, -100, -11)	reward:	182.50096669654195
params:	(1.1666666666666665, -0.6111111111111112, -75, -55, -50, -100, -11)	reward:	190.16714515382293
params:	(1.1666666666666665, -0.5, -75, -55, -50, -100, -11)	reward:	186.0942495494161
params:	(1.1666666666666665, -0.38888888888888895, -75, -55, -50, -100, -11)	reward:	191.1523850700772
params:	(1.1666666666666665, -0.2777777777777779, -75, -55, -50, -100, -11)	reward:	197.36117375822013
params:	(1.1666666666666665, -0.16666666666666674, -75, -55, -50, -100, -11)	reward:	189.790307268897
params:	(1.1666666666666665, -0.05555555555555558, -75, -55, -50, -100, -11)	reward:	187.70561536572947
params:	(1.1666666666666665, -0.2777777777777779, -81, -55, -50, -100, -11)	reward:	190.161514641836
params:	(1.1666666666666665, -0.2777777777777779, -79, -55, -50, -100, -11)	reward:	185.35393087440352
params:	(1.1666666666666665, -0.2777777777777779, -78, -55, -50, -100, -11)	reward:	187.3299641005352
params:	(1.1666666666666665, -0.2777777777777779, -77, -55, -50, -100, -11)	reward:	196.1140022957793
params:	(1.1666666666666665, -0.2777777777777779, -74, -55, -50, -100, -11)	reward:	182.87233347540425
params:	(1.1666666666666665, -0.2777777777777779, -73, -55, -50, -100, -11)	reward:	185.71566815358975
params:	(1.1666666666666665, -0.2777777777777779, -71, -55, -50, -100, -11)	reward:	185.76017920144474
params:	(1.1666666666666665, -0.2777777777777779, -70, -55, -50, -100, -11)	reward:	189.04381163569408
params:	(1.1666666666666665, -0.2777777777777779, -69, -55, -50, -100, -11)	reward:	184.67582285350105
params:	(1.1666666666666665, -0.2777777777777779, -75, -61, -50, -100, -11)	reward:	188.7040503416478
params:	(1.1666666666666665, -0.2777777777777779, -75, -59, -50, -100, -11)	reward:	185.68980330460477
params:	(1.1666666666666665, -0.2777777777777779, -75, -58, -50, -100, -11)	reward:	188.74001118035244
params:	(1.1666666666666665, -0.2777777777777779, -75, -57, -50, -100, -11)	reward:	186.82061753194935
params:	(1.1666666666666665, -0.2777777777777779, -75, -54, -50, -100, -11)	reward:	188.75952021078203
params:	(1.1666666666666665, -0.2777777777777779, -75, -53, -50, -100, -11)	reward:	183.59087179538935
params:	(1.1666666666666665, -0.2777777777777779, -75, -51, -50, -100, -11)	reward:	185.41274863400577
params:	(1.1666666666666665, -0.2777777777777779, -75, -50, -50, -100, -11)	reward:	187.3527234433428
params:	(1.1666666666666665, -0.2777777777777779, -75, -49, -50, -100, -11)	reward:	185.57340893066737
params:	(1.1666666666666665, -0.2777777777777779, -75, -55, -56, -100, -11)	reward:	185.76048364975466
params:	(1.1666666666666665, -0.2777777777777779, -75, -55, -54, -100, -11)	reward:	181.918557079608
params:	(1.1666666666666665, -0.2777777777777779, -75, -55, -53, -100, -11)	reward:	188.00793101944546
params:	(1.1666666666666665, -0.2777777777777779, -75, -55, -52, -100, -11)	reward:	186.23959273057983
params:	(1.1666666666666665, -0.2777777777777779, -75, -55, -49, -100, -11)	reward:	187.75462474064406
params:	(1.1666666666666665, -0.2777777777777779, -75, -55, -48, -100, -11)	reward:	186.82300632948923
params:	(1.1666666666666665, -0.2777777777777779, -75, -55, -46, -100, -11)	reward:	187.89274246318823
params:	(1.1666666666666665, -0.2777777777777779, -75, -55, -45, -100, -11)	reward:	188.20330494131045
params:	(1.1666666666666665, -0.2777777777777779, -75, -55, -44, -100, -11)	reward:	188.8345765893441
params:	(1.1666666666666665, -0.2777777777777779, -75, -55, -50, -106, -11)	reward:	184.38831595769898
params:	(1.1666666666666665, -0.2777777777777779, -75, -55, -50, -104, -11)	reward:	193.65019906622686
params:	(1.1666666666666665, -0.2777777777777779, -75, -55, -50, -103, -11)	reward:	190.27164447500044
params:	(1.1666666666666665, -0.2777777777777779, -75, -55, -50, -102, -11)	reward:	188.0210839706419
params:	(1.1666666666666665, -0.2777777777777779, -75, -55, -50, -99, -11)	reward:	188.97411249988576
params:	(1.1666666666666665, -0.2777777777777779, -75, -55, -50, -98, -11)	reward:	186.35692886692027
params:	(1.1666666666666665, -0.2777777777777779, -75, -55, -50, -96, -11)	reward:	191.2661394966406
params:	(1.1666666666666665, -0.2777777777777779, -75, -55, -50, -95, -11)	reward:	183.62349234673033
params:	(1.1666666666666665, -0.2777777777777779, -75, -55, -50, -94, -11)	reward:	187.74940933062348
params:	(1.1666666666666665, -0.2777777777777779, -75, -55, -50, -100, -17)	reward:	188.14083729816502
params:	(1.1666666666666665, -0.2777777777777779, -75, -55, -50, -100, -15)	reward:	191.05665892547927
params:	(1.1666666666666665, -0.2777777777777779, -75, -55, -50, -100, -14)	reward:	190.66939698580723
params:	(1.1666666666666665, -0.2777777777777779, -75, -55, -50, -100, -13)	reward:	190.96171891643192
params:	(1.1666666666666665, -0.2777777777777779, -75, -55, -50, -100, -10)	reward:	196.0154835132378
params:	(1.1666666666666665, -0.2777777777777779, -75, -55, -50, -100, -9)	reward:	184.62492913430364
params:	(1.1666666666666665, -0.2777777777777779, -75, -55, -50, -100, -7)	reward:	183.13074763914992
params:	(1.1666666666666665, -0.2777777777777779, -75, -55, -50, -100, -6)	reward:	180.29765401927133
params:	(1.1666666666666665, -0.2777777777777779, -75, -55, -50, -100, -5)	reward:	178.301384627542
params:	(-0.3333333333333335, -0.2777777777777779, -75, -55, -50, -100, -11)	reward:	188.82374156323218
params:	(-1.6653345369377348e-16, -0.2777777777777779, -75, -55, -50, -100, -11)	reward:	185.4634534766415
params:	(0.33333333333333315, -0.2777777777777779, -75, -55, -50, -100, -11)	reward:	183.69434043990262
params:	(0.6666666666666665, -0.2777777777777779, -75, -55, -50, -100, -11)	reward:	185.54007325939332
params:	(0.9999999999999998, -0.2777777777777779, -75, -55, -50, -100, -11)	reward:	188.3972915805497
params:	(1.333333333333333, -0.2777777777777779, -75, -55, -50, -100, -11)	reward:	196.09109025743294
params:	(1.6666666666666665, -0.2777777777777779, -75, -55, -50, -100, -11)	reward:	187.97689439878584
params:	(1.9999999999999996, -0.2777777777777779, -75, -55, -50, -100, -11)	reward:	190.15122908706394
params:	(2.333333333333333, -0.2777777777777779, -75, -55, -50, -100, -11)	reward:	185.16963405946254
params:	(2.6666666666666665, -0.2777777777777779, -75, -55, -50, -100, -11)	reward:	183.24837708937173
params:	(1.1666666666666665, -0.7777777777777779, -75, -55, -50, -100, -11)	reward:	183.28282218395188
params:	(1.1666666666666665, -0.6666666666666667, -75, -55, -50, -100, -11)	reward:	184.30124943728512
params:	(1.1666666666666665, -0.5555555555555557, -75, -55, -50, -100, -11)	reward:	187.74568135024367
params:	(1.1666666666666665, -0.4444444444444446, -75, -55, -50, -100, -11)	reward:	186.27161342745435
params:	(1.1666666666666665, -0.3333333333333335, -75, -55, -50, -100, -11)	reward:	187.80156782399015
params:	(1.1666666666666665, -0.22222222222222232, -75, -55, -50, -100, -11)	reward:	188.3345429256534
params:	(1.1666666666666665, -0.11111111111111127, -75, -55, -50, -100, -11)	reward:	193.19977522087387
params:	(1.1666666666666665, -2.220446049250313e-16, -75, -55, -50, -100, -11)	reward:	187.59541579121648
params:	(1.1666666666666665, 0.11111111111111094, -75, -55, -50, -100, -11)	reward:	194.81203581903162
params:	(1.1666666666666665, 0.2222222222222221, -75, -55, -50, -100, -11)	reward:	191.18761155348534
params:	(1.1666666666666665, -0.2777777777777779, -78, -55, -50, -100, -11)	reward:	189.7910309630851
params:	(1.1666666666666665, -0.2777777777777779, -77, -55, -50, -100, -11)	reward:	186.3520095827016
params:	(1.1666666666666665, -0.2777777777777779, -76, -55, -50, -100, -11)	reward:	186.63519222800463
params:	(1.1666666666666665, -0.2777777777777779, -76, -55, -50, -100, -11)	reward:	188.7450146569184
params:	(1.1666666666666665, -0.2777777777777779, -74, -55, -50, -100, -11)	reward:	187.36005526891987
params:	(1.1666666666666665, -0.2777777777777779, -74, -55, -50, -100, -11)	reward:	193.5984801751312
params:	(1.1666666666666665, -0.2777777777777779, -73, -55, -50, -100, -11)	reward:	188.0302236883723
params:	(1.1666666666666665, -0.2777777777777779, -72, -55, -50, -100, -11)	reward:	182.16567063458
params:	(1.1666666666666665, -0.2777777777777779, -72, -55, -50, -100, -11)	reward:	181.8974863238184
params:	(1.1666666666666665, -0.2777777777777779, -75, -58, -50, -100, -11)	reward:	189.89991129527326
params:	(1.1666666666666665, -0.2777777777777779, -75, -57, -50, -100, -11)	reward:	186.72216853090026
params:	(1.1666666666666665, -0.2777777777777779, -75, -56, -50, -100, -11)	reward:	187.21401356220738
params:	(1.1666666666666665, -0.2777777777777779, -75, -56, -50, -100, -11)	reward:	188.6692401310399
params:	(1.1666666666666665, -0.2777777777777779, -75, -54, -50, -100, -11)	reward:	187.74909641581903
params:	(1.1666666666666665, -0.2777777777777779, -75, -54, -50, -100, -11)	reward:	185.93183398644382
params:	(1.1666666666666665, -0.2777777777777779, -75, -53, -50, -100, -11)	reward:	185.44097532175854
params:	(1.1666666666666665, -0.2777777777777779, -75, -52, -50, -100, -11)	reward:	182.41249241314435
params:	(1.1666666666666665, -0.2777777777777779, -75, -52, -50, -100, -11)	reward:	191.84348063161625
params:	(1.1666666666666665, -0.2777777777777779, -75, -55, -53, -100, -11)	reward:	191.19454062421792
params:	(1.1666666666666665, -0.2777777777777779, -75, -55, -52, -100, -11)	reward:	183.91670644305782
params:	(1.1666666666666665, -0.2777777777777779, -75, -55, -51, -100, -11)	reward:	192.8678877528811
params:	(1.1666666666666665, -0.2777777777777779, -75, -55, -51, -100, -11)	reward:	183.7104679919829
params:	(1.1666666666666665, -0.2777777777777779, -75, -55, -49, -100, -11)	reward:	188.1971942850072
params:	(1.1666666666666665, -0.2777777777777779, -75, -55, -49, -100, -11)	reward:	187.62893513439568
params:	(1.1666666666666665, -0.2777777777777779, -75, -55, -48, -100, -11)	reward:	192.6224071298506
params:	(1.1666666666666665, -0.2777777777777779, -75, -55, -47, -100, -11)	reward:	187.66978497888422
params:	(1.1666666666666665, -0.2777777777777779, -75, -55, -47, -100, -11)	reward:	183.93008453316065
params:	(1.1666666666666665, -0.2777777777777779, -75, -55, -50, -103, -11)	reward:	192.58548528088377
params:	(1.1666666666666665, -0.2777777777777779, -75, -55, -50, -102, -11)	reward:	188.31420504267737
params:	(1.1666666666666665, -0.2777777777777779, -75, -55, -50, -101, -11)	reward:	197.11139089658596
params:	(1.1666666666666665, -0.2777777777777779, -75, -55, -50, -101, -11)	reward:	184.36979885872083
params:	(1.1666666666666665, -0.2777777777777779, -75, -55, -50, -99, -11)	reward:	187.74328822703754
params:	(1.1666666666666665, -0.2777777777777779, -75, -55, -50, -99, -11)	reward:	190.89984655256603
params:	(1.1666666666666665, -0.2777777777777779, -75, -55, -50, -98, -11)	reward:	191.7270218987777
params:	(1.1666666666666665, -0.2777777777777779, -75, -55, -50, -97, -11)	reward:	188.2710796819406
params:	(1.1666666666666665, -0.2777777777777779, -75, -55, -50, -97, -11)	reward:	191.0363106628973
params:	(1.1666666666666665, -0.2777777777777779, -75, -55, -50, -100, -14)	reward:	190.24774738195038
params:	(1.1666666666666665, -0.2777777777777779, -75, -55, -50, -100, -13)	reward:	191.51550481806666
params:	(1.1666666666666665, -0.2777777777777779, -75, -55, -50, -100, -12)	reward:	189.50714995618875
params:	(1.1666666666666665, -0.2777777777777779, -75, -55, -50, -100, -12)	reward:	189.86881557554457
params:	(1.1666666666666665, -0.2777777777777779, -75, -55, -50, -100, -10)	reward:	184.53714053273163
params:	(1.1666666666666665, -0.2777777777777779, -75, -55, -50, -100, -10)	reward:	190.17645063752786
params:	(1.1666666666666665, -0.2777777777777779, -75, -55, -50, -100, -9)	reward:	186.48515484079712
params:	(1.1666666666666665, -0.2777777777777779, -75, -55, -50, -100, -8)	reward:	184.9747267411759
params:	(1.1666666666666665, -0.2777777777777779, -75, -55, -50, -100, -8)	reward:	185.4058383308574
params:	(-0.3333333333333335, -0.2777777777777779, -75, -55, -50, -100, -11)	reward:	186.86465531058835
params:	(-1.6653345369377348e-16, -0.2777777777777779, -75, -55, -50, -100, -11)	reward:	184.17006576384765
params:	(0.33333333333333315, -0.2777777777777779, -75, -55, -50, -100, -11)	reward:	182.65252894310166
params:	(0.6666666666666665, -0.2777777777777779, -75, -55, -50, -100, -11)	reward:	184.85964614359474
params:	(0.9999999999999998, -0.2777777777777779, -75, -55, -50, -100, -11)	reward:	191.15303608646346
params:	(1.333333333333333, -0.2777777777777779, -75, -55, -50, -100, -11)	reward:	185.80094343244127
params:	(1.6666666666666665, -0.2777777777777779, -75, -55, -50, -100, -11)	reward:	194.86851630250985
params:	(1.9999999999999996, -0.2777777777777779, -75, -55, -50, -100, -11)	reward:	186.28775201195594
params:	(2.333333333333333, -0.2777777777777779, -75, -55, -50, -100, -11)	reward:	180.75299604253112
params:	(2.6666666666666665, -0.2777777777777779, -75, -55, -50, -100, -11)	reward:	186.67922476217794
params:	(1.1666666666666665, -0.7777777777777779, -75, -55, -50, -100, -11)	reward:	192.1305123240602
params:	(1.1666666666666665, -0.6666666666666667, -75, -55, -50, -100, -11)	reward:	183.79903509221984
params:	(1.1666666666666665, -0.5555555555555557, -75, -55, -50, -100, -11)	reward:	188.6567935840841
params:	(1.1666666666666665, -0.4444444444444446, -75, -55, -50, -100, -11)	reward:	191.91271313267882
params:	(1.1666666666666665, -0.3333333333333335, -75, -55, -50, -100, -11)	reward:	184.86142650822862
params:	(1.1666666666666665, -0.22222222222222232, -75, -55, -50, -100, -11)	reward:	182.7668064089821
params:	(1.1666666666666665, -0.11111111111111127, -75, -55, -50, -100, -11)	reward:	190.77687169377143
params:	(1.1666666666666665, -2.220446049250313e-16, -75, -55, -50, -100, -11)	reward:	185.66458203037587
params:	(1.1666666666666665, 0.11111111111111094, -75, -55, -50, -100, -11)	reward:	193.98362656664918
params:	(1.1666666666666665, 0.2222222222222221, -75, -55, -50, -100, -11)	reward:	191.96752631760117
params:	(1.1666666666666665, -0.2777777777777779, -78, -55, -50, -100, -11)	reward:	189.76177838017512
params:	(1.1666666666666665, -0.2777777777777779, -77, -55, -50, -100, -11)	reward:	185.20361419957726
params:	(1.1666666666666665, -0.2777777777777779, -76, -55, -50, -100, -11)	reward:	190.81726655355536
params:	(1.1666666666666665, -0.2777777777777779, -76, -55, -50, -100, -11)	reward:	190.57738427164722
params:	(1.1666666666666665, -0.2777777777777779, -74, -55, -50, -100, -11)	reward:	193.70671516098886
params:	(1.1666666666666665, -0.2777777777777779, -74, -55, -50, -100, -11)	reward:	187.89046445873734
params:	(1.1666666666666665, -0.2777777777777779, -73, -55, -50, -100, -11)	reward:	181.8120511037055
params:	(1.1666666666666665, -0.2777777777777779, -72, -55, -50, -100, -11)	reward:	196.41927690703997
params:	(1.1666666666666665, -0.2777777777777779, -72, -55, -50, -100, -11)	reward:	183.1621686198587
params:	(1.1666666666666665, -0.2777777777777779, -75, -58, -50, -100, -11)	reward:	187.24644981655698
params:	(1.1666666666666665, -0.2777777777777779, -75, -57, -50, -100, -11)	reward:	186.01475442676778
params:	(1.1666666666666665, -0.2777777777777779, -75, -56, -50, -100, -11)	reward:	196.4807592617136
params:	(1.1666666666666665, -0.2777777777777779, -75, -56, -50, -100, -11)	reward:	189.66532802127003
params:	(1.1666666666666665, -0.2777777777777779, -75, -54, -50, -100, -11)	reward:	186.0709008972532
params:	(1.1666666666666665, -0.2777777777777779, -75, -54, -50, -100, -11)	reward:	195.9929604169927
params:	(1.1666666666666665, -0.2777777777777779, -75, -53, -50, -100, -11)	reward:	190.62995450377662
params:	(1.1666666666666665, -0.2777777777777779, -75, -52, -50, -100, -11)	reward:	184.8008811786689
params:	(1.1666666666666665, -0.2777777777777779, -75, -52, -50, -100, -11)	reward:	191.55756816347193
params:	(1.1666666666666665, -0.2777777777777779, -75, -55, -53, -100, -11)	reward:	187.0123198270744
params:	(1.1666666666666665, -0.2777777777777779, -75, -55, -52, -100, -11)	reward:	184.0627034857093
params:	(1.1666666666666665, -0.2777777777777779, -75, -55, -51, -100, -11)	reward:	192.18577938849327
params:	(1.1666666666666665, -0.2777777777777779, -75, -55, -51, -100, -11)	reward:	189.74115855234513
params:	(1.1666666666666665, -0.2777777777777779, -75, -55, -49, -100, -11)	reward:	189.1120749526971
params:	(1.1666666666666665, -0.2777777777777779, -75, -55, -49, -100, -11)	reward:	189.61540038745667
params:	(1.1666666666666665, -0.2777777777777779, -75, -55, -48, -100, -11)	reward:	187.6182965630471
params:	(1.1666666666666665, -0.2777777777777779, -75, -55, -47, -100, -11)	reward:	189.3950133602674
params:	(1.1666666666666665, -0.2777777777777779, -75, -55, -47, -100, -11)	reward:	185.94571771623214
params:	(1.1666666666666665, -0.2777777777777779, -75, -55, -50, -103, -11)	reward:	190.68619551770666
params:	(1.1666666666666665, -0.2777777777777779, -75, -55, -50, -102, -11)	reward:	189.59119412305282
params:	(1.1666666666666665, -0.2777777777777779, -75, -55, -50, -101, -11)	reward:	191.09696562318547
params:	(1.1666666666666665, -0.2777777777777779, -75, -55, -50, -101, -11)	reward:	187.03036232581485
params:	(1.1666666666666665, -0.2777777777777779, -75, -55, -50, -99, -11)	reward:	191.56910045657264
params:	(1.1666666666666665, -0.2777777777777779, -75, -55, -50, -99, -11)	reward:	188.67199473175876
params:	(1.1666666666666665, -0.2777777777777779, -75, -55, -50, -98, -11)	reward:	190.94473630280996
params:	(1.1666666666666665, -0.2777777777777779, -75, -55, -50, -97, -11)	reward:	185.68845773098292
params:	(1.1666666666666665, -0.2777777777777779, -75, -55, -50, -97, -11)	reward:	183.79220291057575
params:	(1.1666666666666665, -0.2777777777777779, -75, -55, -50, -100, -14)	reward:	187.9871985417379
params:	(1.1666666666666665, -0.2777777777777779, -75, -55, -50, -100, -13)	reward:	188.58022668695966
params:	(1.1666666666666665, -0.2777777777777779, -75, -55, -50, -100, -12)	reward:	192.51000293955724
params:	(1.1666666666666665, -0.2777777777777779, -75, -55, -50, -100, -12)	reward:	191.66190514071022
params:	(1.1666666666666665, -0.2777777777777779, -75, -55, -50, -100, -10)	reward:	186.76194907878434
params:	(1.1666666666666665, -0.2777777777777779, -75, -55, -50, -100, -10)	reward:	188.71323445064888
params:	(1.1666666666666665, -0.2777777777777779, -75, -55, -50, -100, -9)	reward:	186.01556189324776
params:	(1.1666666666666665, -0.2777777777777779, -75, -55, -50, -100, -8)	reward:	183.01795062956543
params:	(1.1666666666666665, -0.2777777777777779, -75, -55, -50, -100, -8)	reward:	179.41418519513107
params:	(0.16666666666666652, -0.2777777777777779, -75, -55, -50, -100, -11)	reward:	192.42614948458115
params:	(0.38888888888888873, -0.2777777777777779, -75, -55, -50, -100, -11)	reward:	187.43661588753662
params:	(0.6111111111111109, -0.2777777777777779, -75, -55, -50, -100, -11)	reward:	188.51771268018786
params:	(0.8333333333333331, -0.2777777777777779, -75, -55, -50, -100, -11)	reward:	188.4619595433096
params:	(1.0555555555555554, -0.2777777777777779, -75, -55, -50, -100, -11)	reward:	188.21533942923085
params:	(1.2777777777777777, -0.2777777777777779, -75, -55, -50, -100, -11)	reward:	185.89842427377957
params:	(1.4999999999999998, -0.2777777777777779, -75, -55, -50, -100, -11)	reward:	179.84860411322936
params:	(1.7222222222222219, -0.2777777777777779, -75, -55, -50, -100, -11)	reward:	192.4377951915188
params:	(1.9444444444444442, -0.2777777777777779, -75, -55, -50, -100, -11)	reward:	188.18669131949153
params:	(2.1666666666666665, -0.2777777777777779, -75, -55, -50, -100, -11)	reward:	181.7189050181972
params:	(1.1666666666666665, -0.7777777777777779, -75, -55, -50, -100, -11)	reward:	191.33545816320847
params:	(1.1666666666666665, -0.6666666666666667, -75, -55, -50, -100, -11)	reward:	182.98166437249867
params:	(1.1666666666666665, -0.5555555555555557, -75, -55, -50, -100, -11)	reward:	191.88788234915356
params:	(1.1666666666666665, -0.4444444444444446, -75, -55, -50, -100, -11)	reward:	192.2765561814701
params:	(1.1666666666666665, -0.3333333333333335, -75, -55, -50, -100, -11)	reward:	183.85936800490853
params:	(1.1666666666666665, -0.22222222222222232, -75, -55, -50, -100, -11)	reward:	183.41866910850868
params:	(1.1666666666666665, -0.11111111111111127, -75, -55, -50, -100, -11)	reward:	190.19131106466023
params:	(1.1666666666666665, -2.220446049250313e-16, -75, -55, -50, -100, -11)	reward:	194.20017994126252
params:	(1.1666666666666665, 0.11111111111111094, -75, -55, -50, -100, -11)	reward:	189.4657730723101
params:	(1.1666666666666665, 0.2222222222222221, -75, -55, -50, -100, -11)	reward:	190.68443327307568
params:	(1.1666666666666665, -0.2777777777777779, -76, -55, -50, -100, -11)	reward:	184.67827949326298
params:	(1.1666666666666665, -0.2777777777777779, -74, -55, -50, -100, -11)	reward:	187.66740018675014
params:	(1.1666666666666665, -0.2777777777777779, -74, -55, -50, -100, -11)	reward:	193.87903055073573
params:	(1.1666666666666665, -0.2777777777777779, -74, -55, -50, -100, -11)	reward:	190.49424478486915
params:	(1.1666666666666665, -0.2777777777777779, -74, -55, -50, -100, -11)	reward:	196.52539893273698
params:	(1.1666666666666665, -0.2777777777777779, -74, -55, -50, -100, -11)	reward:	185.622812577487
params:	(1.1666666666666665, -0.2777777777777779, -75, -56, -50, -100, -11)	reward:	190.71106743480527
params:	(1.1666666666666665, -0.2777777777777779, -75, -54, -50, -100, -11)	reward:	192.68337349556066
params:	(1.1666666666666665, -0.2777777777777779, -75, -54, -50, -100, -11)	reward:	191.05895461112323
params:	(1.1666666666666665, -0.2777777777777779, -75, -54, -50, -100, -11)	reward:	181.05580437826043
params:	(1.1666666666666665, -0.2777777777777779, -75, -54, -50, -100, -11)	reward:	183.17149151800848
params:	(1.1666666666666665, -0.2777777777777779, -75, -54, -50, -100, -11)	reward:	191.21274810938098
params:	(1.1666666666666665, -0.2777777777777779, -75, -55, -51, -100, -11)	reward:	186.42899436721405
params:	(1.1666666666666665, -0.2777777777777779, -75, -55, -49, -100, -11)	reward:	185.05431803533784
params:	(1.1666666666666665, -0.2777777777777779, -75, -55, -49, -100, -11)	reward:	189.04073455739476
params:	(1.1666666666666665, -0.2777777777777779, -75, -55, -49, -100, -11)	reward:	190.7736669917177
params:	(1.1666666666666665, -0.2777777777777779, -75, -55, -49, -100, -11)	reward:	191.3104140991028
params:	(1.1666666666666665, -0.2777777777777779, -75, -55, -49, -100, -11)	reward:	184.89485227658693
params:	(1.1666666666666665, -0.2777777777777779, -75, -55, -50, -101, -11)	reward:	187.49394864640098
params:	(1.1666666666666665, -0.2777777777777779, -75, -55, -50, -99, -11)	reward:	192.4934606966361
params:	(1.1666666666666665, -0.2777777777777779, -75, -55, -50, -99, -11)	reward:	186.25506172663142
params:	(1.1666666666666665, -0.2777777777777779, -75, -55, -50, -99, -11)	reward:	185.26795683617638
params:	(1.1666666666666665, -0.2777777777777779, -75, -55, -50, -99, -11)	reward:	194.31583468362183
params:	(1.1666666666666665, -0.2777777777777779, -75, -55, -50, -99, -11)	reward:	191.98659679822683
params:	(1.1666666666666665, -0.2777777777777779, -75, -55, -50, -100, -12)	reward:	185.91986809902485
params:	(1.1666666666666665, -0.2777777777777779, -75, -55, -50, -100, -10)	reward:	189.32469173644282
params:	(1.1666666666666665, -0.2777777777777779, -75, -55, -50, -100, -10)	reward:	189.94185939370627
params:	(1.1666666666666665, -0.2777777777777779, -75, -55, -50, -100, -10)	reward:	190.6417816415453
params:	(1.1666666666666665, -0.2777777777777779, -75, -55, -50, -100, -10)	reward:	188.13954147949372
params:	(1.1666666666666665, -0.2777777777777779, -75, -55, -50, -100, -10)	reward:	181.81076666237
